DeltaP =   6.83639D-02 Pa
Qtot =   2.06798D+04 W
Qback =   6.26030D+01 W
Qf/Qtot =   2.51946D-01
Sgen =   1.56914D+00 W/K
Be =   1.95491D-11
Sgen,s/Sgen =   8.37190D-04
